rvir: (0.031759625454256694, 0.97472833774926237)
vmax: (-0.042573378534193553, 0.9661282380484737)
Spin_Bullock: (0.058703851012932379, 0.95330752933992491)
Vacc: (-0.026059755446315301, 0.97926266862697831)
Acc_Rate_Mpeak: (-0.00017101161593207246, 0.99986390010340154)
First_Acc_Vmax: (-0.026059755446315301, 0.97926266862697831)
